                                                   The FREQ Procedure

                                    Cumulative    Cumulative
n_days    Frequency    Percent     Frequency      Percent
---------------------------------------------------------------
120               1      6.67            1         6.67
200               1      6.67            2        13.33
35                7     46.67            9        60.00
60                2     13.33           11        73.33
90                4     26.67           15       100.00
                                                   The FREQ Procedure

Table of FINAL_RE by n_days

FINAL_RE |       120 |       200 |        35 |        60 |        90 |      Total
---------+-----------+-----------+-----------+-----------+-----------+-----------
1        |         1 |         0 |         6 |         1 |         2 |         10
         |      6.67 |      0.00 |     40.00 |      6.67 |     13.33 |      66.67
         |     10.00 |      0.00 |     60.00 |     10.00 |     20.00 |     100.00
         |    100.00 |      0.00 |     85.71 |     50.00 |     50.00 |      66.67
---------+-----------+-----------+-----------+-----------+-----------+-----------
2        |         0 |         0 |         1 |         1 |         2 |          4
         |      0.00 |      0.00 |      6.67 |      6.67 |     13.33 |      26.67
         |      0.00 |      0.00 |     25.00 |     25.00 |     50.00 |     100.00
         |      0.00 |      0.00 |     14.29 |     50.00 |     50.00 |      26.67
---------+-----------+-----------+-----------+-----------+-----------+-----------
3        |         0 |         1 |         0 |         0 |         0 |          1
         |      0.00 |      6.67 |      0.00 |      0.00 |      0.00 |       6.67
         |      0.00 |    100.00 |      0.00 |      0.00 |      0.00 |     100.00
         |      0.00 |    100.00 |      0.00 |      0.00 |      0.00 |       6.67
---------+-----------+-----------+-----------+-----------+-----------+-----------
Total    |         1 |         1 |         7 |         2 |         4 |         15

                                                   The FREQ Procedure

Table of FINAL_SEX by n_days

FINAL_SEX |       120 |       200 |        35 |        60 |        90 |      Total
----------+-----------+-----------+-----------+-----------+-----------+-----------
1         |         1 |         1 |         5 |         1 |         2 |         10
          |      6.67 |      6.67 |     33.33 |      6.67 |     13.33 |      66.67
          |     10.00 |     10.00 |     50.00 |     10.00 |     20.00 |     100.00
          |    100.00 |    100.00 |     71.43 |     50.00 |     50.00 |      66.67
----------+-----------+-----------+-----------+-----------+-----------+-----------
2         |         0 |         0 |         2 |         1 |         2 |          5
          |      0.00 |      0.00 |     13.33 |      6.67 |     13.33 |      33.33
          |      0.00 |      0.00 |     40.00 |     20.00 |     40.00 |     100.00
          |      0.00 |      0.00 |     28.57 |     50.00 |     50.00 |      33.33
----------+-----------+-----------+-----------+-----------+-----------+-----------
Total     |         1 |         1 |         7 |         2 |         4 |         15

                                                   The FREQ Procedure

Table of age_grp_twenty by n_days

age_grp_twenty |       120 |       200 |        35 |        60 |        90 |      Total
---------------+-----------+-----------+-----------+-----------+-----------+-----------
2              |         0 |         0 |         7 |         0 |         0 |          7
               |      0.00 |      0.00 |     46.67 |      0.00 |      0.00 |      46.67
               |      0.00 |      0.00 |    100.00 |      0.00 |      0.00 |     100.00
               |      0.00 |      0.00 |    100.00 |      0.00 |      0.00 |      46.67
---------------+-----------+-----------+-----------+-----------+-----------+-----------
3              |         0 |         0 |         0 |         2 |         4 |          6
               |      0.00 |      0.00 |      0.00 |     13.33 |     26.67 |      40.00
               |      0.00 |      0.00 |      0.00 |     33.33 |     66.67 |     100.00
               |      0.00 |      0.00 |      0.00 |    100.00 |    100.00 |      40.00
---------------+-----------+-----------+-----------+-----------+-----------+-----------
4              |         1 |         1 |         0 |         0 |         0 |          2
               |      6.67 |      6.67 |      0.00 |      0.00 |      0.00 |      13.33
               |     50.00 |     50.00 |      0.00 |      0.00 |      0.00 |     100.00
               |    100.00 |    100.00 |      0.00 |      0.00 |      0.00 |      13.33
---------------+-----------+-----------+-----------+-----------+-----------+-----------
Total          |         1 |         1 |         7 |         2 |         4 |         15

                                                   The FREQ Procedure

Table of age_grp_five by n_days

age_grp_five |       120 |       200 |        35 |        60 |        90 |      Total
-------------+-----------+-----------+-----------+-----------+-----------+-----------
10           |         0 |         0 |         0 |         0 |         2 |          2
             |      0.00 |      0.00 |      0.00 |      0.00 |     13.33 |      13.33
             |      0.00 |      0.00 |      0.00 |      0.00 |    100.00 |     100.00
             |      0.00 |      0.00 |      0.00 |      0.00 |     50.00 |      13.33
-------------+-----------+-----------+-----------+-----------+-----------+-----------
13           |         1 |         0 |         0 |         0 |         0 |          1
             |      6.67 |      0.00 |      0.00 |      0.00 |      0.00 |       6.67
             |    100.00 |      0.00 |      0.00 |      0.00 |      0.00 |     100.00
             |    100.00 |      0.00 |      0.00 |      0.00 |      0.00 |       6.67
-------------+-----------+-----------+-----------+-----------+-----------+-----------
14           |         0 |         1 |         0 |         0 |         0 |          1
             |      0.00 |      6.67 |      0.00 |      0.00 |      0.00 |       6.67
             |      0.00 |    100.00 |      0.00 |      0.00 |      0.00 |     100.00
             |      0.00 |    100.00 |      0.00 |      0.00 |      0.00 |       6.67
-------------+-----------+-----------+-----------+-----------+-----------+-----------
5            |         0 |         0 |         5 |         0 |         0 |          5
             |      0.00 |      0.00 |     33.33 |      0.00 |      0.00 |      33.33
             |      0.00 |      0.00 |    100.00 |      0.00 |      0.00 |     100.00
             |      0.00 |      0.00 |     71.43 |      0.00 |      0.00 |      33.33
-------------+-----------+-----------+-----------+-----------+-----------+-----------
6            |         0 |         0 |         2 |         0 |         0 |          2
             |      0.00 |      0.00 |     13.33 |      0.00 |      0.00 |      13.33
             |      0.00 |      0.00 |    100.00 |      0.00 |      0.00 |     100.00
             |      0.00 |      0.00 |     28.57 |      0.00 |      0.00 |      13.33
-------------+-----------+-----------+-----------+-----------+-----------+-----------
8            |         0 |         0 |         0 |         2 |         0 |          2
             |      0.00 |      0.00 |      0.00 |     13.33 |      0.00 |      13.33
             |      0.00 |      0.00 |      0.00 |    100.00 |      0.00 |     100.00
             |      0.00 |      0.00 |      0.00 |    100.00 |      0.00 |      13.33
-------------+-----------+-----------+-----------+-----------+-----------+-----------
9            |         0 |         0 |         0 |         0 |         2 |          2
             |      0.00 |      0.00 |      0.00 |      0.00 |     13.33 |      13.33
             |      0.00 |      0.00 |      0.00 |      0.00 |    100.00 |     100.00
             |      0.00 |      0.00 |      0.00 |      0.00 |     50.00 |      13.33
-------------+-----------+-----------+-----------+-----------+-----------+-----------
Total        |         1 |         1 |         7 |         2 |         4 |         15

                                    Length-of-stay distribution (suppressed counts)                                     

  Obs  N_DAYS  COUNT
    1     120     -1
    2     200     -1
    3      35     -1
    4      60     -1
    5      90     -1

                                       Length-of-stay by race (suppressed counts)                                       

  Obs  N_DAYS  COUNT
    1     120     -1
    2      35     -1
    3      60     -1
    4      90     -1
    5      35     -1
    6      60     -1
    7      90     -1
    8     200     -1

